-1 -1 -1 -1 -1 -1 -1 -1 -1 -1 -1 -1 -1 -1 -1 -1
-1 43 -1 38 -1 -1 -1 347 34 84 4 -1 98 2 999 -1
-1 -1 53 4 341 -1 23 349 -1 434 323 4 58 54 52 -1
-1 354 -1 239 24 9 421 -1 92 723 -1 37 -1 -1 43 -1
-1 -1 123 -1 832 -1 34 -1 48 65 43 32 81 87 423 -1
-1 -1 -1 3 23 34 34 23 -1 234 32 91 38 23 92 -1
-1 75 42 473 -1 523 83 -1 423 -1 81 -1 538 94 16 -1
-1 0 23 43 72 88 -1 92 23 -1 384 -1 34 82 -1 -1
-1 453 -1 342 -1 -1 621 -1 -1 46 68 -1 -1 -1 4 -1
-1 29 538 23 82 53 -1 834 -1 125 34 29 32 573 8 -1
-1 -1 53 -1 53 -1 32 -1 43 -1 817 -1 83 -1 10 -1
-1 42 -1 4 382 212 54 -1 53 124 23 -1 73 -1 84 -1
-1 94 12 15 -1 -1 834 38 49 -1 -1 42 54 -1 3 -1
-1 34 -1 34 448 -1 23 -1 53 9 192 -1 74 -1 23 -1
-1 -1 12 -1 34 83 73 -1 -1 325 -1 28 94 -1 999 -1
-1 -1 -1 -1 -1 -1 -1 -1 -1 -1 -1 -1 -1 -1 -1 -1